pathname =/work/husalihu/TPMSRow_Re_6563_u_0005_N_200_compressible
numOfThreads = 1
availMem = 15e10
refineLevel = 0

#Grid
length =0.155 0.01 0.01
blocknx = 50 50 50
dx =0.000050000000000000000000000000000000

#Geometry
UnitEdgeLength=0.01
TPMSL = 0.14 0.01 0.01
TPMSOrigin = 0 0 0
gridCubeOrigin = -0.005 0 0

#Simulation
nu = 0.0001523579766536965
Re = 6563.489631218715
Re0 = 6563.489631218715

timeAvStart = 2280000
timeAvStop = 2400000

beginTime = 0
outTime = 60000
endTime = 2400000
logToFile = false
newStart = true
restartStep =  1200000
cpStart =  1200000
cpStep =  1200000
