pathname = /work/husalihu/TPMSRow_Re_425_u_001_N_100_compressible_reproducible
numOfThreads = 1
availMem = 15e10
refineLevel = 0

#Grid
length =0.155 0.01 0.01
blocknx = 62 25 25
dx = 0.0001

#Geometry
UnitEdgeLength=0.01
TPMSL = 0.14 0.01 0.01
TPMSOrigin = 0 0 0
gridCubeOrigin = -0.005 0 0

#Simulation
nu = 0.00234936
Re = 425.6478360064018
Re0 = 425.6478360064018

beginTime = 0
outTime = 30000
endTime = 600000
logToFile = false
newStart = true
restartStep =  30000
cpStart =  30000
cpStep =  30000
